%YAML:1.0
---
BgdModel: !!opencv-matrix
   rows: 1
   cols: 65
   dt: d
   data: [ 1.6522331285811567e-01, 2.4081882527737844e-01,
       2.2934536624959589e-01, 2.1029515954849048e-01,
       1.5431733606641951e-01, 2.5148209825145713e+01,
       2.6218047460449625e+01, 2.7004683597002501e+01,
       2.4078099114538702e+02, 2.4378434732933448e+02,
       2.4149277349328761e+02, 1.9781020934557014e+02,
       1.9150667326495110e+02, 1.7897845060284325e+02,
       1.4689430043339604e+02, 1.3115924441900401e+02,
       1.2346139504456620e+02, 6.6932425505360058e+01,
       6.3851924491296892e+01, 6.3450556063206228e+01,
       2.7013719288186849e+02, 2.4003069321568694e+02,
       2.5263456812633933e+02, 2.4003069321568694e+02,
       2.9698948694529133e+02, 3.0925070648046210e+02,
       2.5263456812633933e+02, 3.0925070648046210e+02,
       3.3749221370088810e+02, 1.7664885031726590e+02,
       1.4941932256919245e+02, 1.6441697631419811e+02,
       1.4941932256919245e+02, 1.3782658732751588e+02,
       1.5240491116465273e+02, 1.6441697631419811e+02,
       1.5240491116465273e+02, 1.8903726568677666e+02,
       1.1176276182409492e+02, 7.2616061676577374e+01,
       7.2085826747490501e+01, 7.2616061676577374e+01,
       2.2315185097470385e+02, 3.1624857671228528e+02,
       7.2085826747490501e+01, 3.1624857671228528e+02,
       5.0113697488927573e+02, 6.6664691902364575e+02,
       5.9469201401063037e+02, 5.9363632343074642e+02,
       5.9469201401063037e+02, 5.9458867343351449e+02,
       6.0295970883066548e+02, 5.9363632343074642e+02,
       6.0295970883066548e+02, 6.4119262610193255e+02,
       2.6407927776710403e+02, 1.7562566660851735e+02,
       1.2297633301351925e+02, 1.7562566660851735e+02,
       2.2546943739152084e+02, 1.8219778676778833e+02,
       1.2297633301351925e+02, 1.8219778676778833e+02,
       2.4739801552577956e+02 ]
FgdModel: !!opencv-matrix
   rows: 1
   cols: 65
   dt: d
   data: [ 2.2564164943437537e-01, 0., 3.5816810606982119e-01,
       1.3064104123585937e-01, 2.8554920325994404e-01,
       6.9978167115902977e+01, 6.5040970350404322e+01,
       6.7216172506738545e+01, 2.5359658344283835e+02,
       2.5411826544021025e+02, 2.5403635567236091e+02,
       1.0179419256240449e+02, 9.2119035489896419e+01,
       9.0612837493632199e+01, 1.1623882681564245e+02,
       1.1020204841713222e+02, 1.1278584729981378e+02,
       4.0071778487752930e+01, 4.0148029818956331e+01,
       4.2974014909478164e+01, 1.2379062844646523e+02,
       8.3987686953740194e+01, 5.7750541771710232e+01,
       8.3987686953740194e+01, 9.8262472373782657e+01,
       6.4096264630451515e+01, 5.7750541771710232e+01,
       6.4096264630451515e+01, 5.8976989123880230e+01,
       1.4809221791889286e+01, 8.8129314368925407e+00,
       7.9104176847395138e+00, 8.8129314368925407e+00,
       7.3964381651967415e+00, 6.8428313484255341e+00,
       7.9104176847395138e+00, 6.8428313484255341e+00,
       7.4515910990812699e+00, 1.2426499599008821e+02,
       6.7662467484080480e+01, 4.6664588052688487e+01,
       6.7662467484080480e+01, 7.7813814929799264e+01,
       5.4884938175744537e+01, 4.6664588052688487e+01,
       5.4884938175744537e+01, 4.8283115891574198e+01,
       3.6761102506684256e+02, 2.0416310482402696e+02,
       1.6735375248379751e+02, 2.0416310482402696e+02,
       2.2688748183750613e+02, 2.4051906064799005e+02,
       1.6735375248379751e+02, 2.4051906064799005e+02,
       3.5895600081839621e+02, 1.0674607255583101e+02,
       3.8216850681791584e+01, 3.7810810857402657e+01,
       3.8216850681791584e+01, 6.5464136160985618e+01,
       5.1728447207223326e+01, 3.7810810857402657e+01,
       5.1728447207223326e+01, 5.6542881750576726e+01 ]
