%YAML:1.0
---
BgdModel: !!opencv-matrix
   rows: 1
   cols: 65
   dt: d
   data: [ 2.5346000549752612e-01, 3.1045904343045627e-01,
       1.5348062122045081e-01, 7.1866410115448046e-02,
       2.1073391973611874e-01, 2.2202750552415037e+02,
       2.2768565889896567e+02, 2.2483007306790299e+02,
       4.4084156005135242e+01, 4.3645347292930190e+01,
       4.4215536322989067e+01, 1.9774102845373747e+02,
       1.8236571223891289e+02, 1.6442060489377420e+02,
       2.5427237521514630e+02, 255., 2.5462373302734750e+02,
       1.4297396139046504e+02, 1.2724137481249593e+02,
       1.1954317485162723e+02, 5.2746015415146394e+02,
       4.3961706180397596e+02, 4.3384960458938440e+02,
       4.3961706180397596e+02, 3.9240038307846407e+02,
       3.9086545114073670e+02, 4.3384960458938440e+02,
       3.9086545114073670e+02, 4.1841597144937987e+02,
       6.7032584529789892e+02, 5.9223573176307696e+02,
       5.7881453430652073e+02, 5.9223573176307696e+02,
       6.2844760894685373e+02, 6.1748762518781450e+02,
       5.7881453430652073e+02, 6.1748762518781450e+02,
       6.6577488412623143e+02, 5.3193942491503549e+01,
       4.4840393990911252e+01, 5.0460846614238108e+01,
       4.4840393990911252e+01, 9.6562979356269352e+01,
       1.0461458726309866e+02, 5.0460846614238108e+01,
       1.0461458726309866e+02, 1.4819435571102440e+02,
       2.3934040160290895e+00, 0., 2.2617101468495093e-01, 0.,
       1.0000000000000000e-02, 0., 2.2617101468495093e-01, 0.,
       8.6612827142176685e-01, 7.1150064267169364e+02,
       6.5878524221573389e+02, 6.6608891688250515e+02,
       6.5878524221573389e+02, 6.5991724853707456e+02,
       6.7221843147943036e+02, 6.6608891688250515e+02,
       6.7221843147943036e+02, 7.1632535500216363e+02 ]
FgdModel: !!opencv-matrix
   rows: 1
   cols: 65
   dt: d
   data: [ 2.9071782178217820e-01, 0., 2.5216584158415839e-01,
       2.3502475247524751e-01, 2.2209158415841584e-01,
       4.0005321413367390e+01, 4.0013409961685824e+01,
       4.3446785866326096e+01, 2.5406505050505049e+02,
       2.5440767676767678e+02, 2.5430868686868686e+02,
       9.5031411042944796e+01, 8.7112147239263805e+01,
       8.7030429447852768e+01, 1.1461795681937861e+02,
       1.0376724591890468e+02, 1.0076856240126382e+02,
       6.9129283923098356e+01, 6.5034271384786848e+01,
       6.7138478684870449e+01, 1.0177285376003942e+02,
       3.3765360738816071e+01, 4.2567013698029541e+01,
       3.3765360738816071e+01, 5.9275469385358520e+01,
       5.2426958810221777e+01, 4.2567013698029541e+01,
       5.2426958810221777e+01, 6.4262919639544862e+01,
       8.4107179267521133e+00, 4.9007531476381700e+00,
       4.4704248138004914e+00, 4.9007531476381700e+00,
       4.1986481379353791e+00, 3.9497110907032038e+00,
       4.4704248138004914e+00, 3.9497110907032038e+00,
       4.5463285787191126e+00, 6.6246375309568975e+01,
       2.6779054025366349e+01, 2.8097939884826701e+01,
       2.6779054025366349e+01, 4.7655889254394424e+01,
       3.8643703985847424e+01, 2.8097939884826701e+01,
       3.8643703985847424e+01, 3.9498951349315575e+01,
       1.1777847692072828e+02, 5.0341830918467167e+01,
       5.0225430238082481e+01, 5.0341830918467167e+01,
       8.6977421114354001e+01, 9.9312114050215314e+01,
       5.0225430238082481e+01, 9.9312114050215314e+01,
       1.5442958566369452e+02, 9.4194486558842073e+01,
       5.0557006987311070e+01, 5.3756685954364912e+01,
       5.0557006987311070e+01, 7.7886537926908204e+01,
       7.9698514104697097e+01, 5.3756685954364912e+01,
       7.9698514104697097e+01, 1.1370748846297465e+02 ]
