%YAML:1.0
---
BgdModel: !!opencv-matrix
   rows: 1
   cols: 65
   dt: d
   data: [ 2.9880316078585434e-01, 1.7430844886467411e-01,
       1.6765742760552896e-01, 1.3529142156102569e-01,
       2.2393954118291687e-01, 2.0553709619753883e+02,
       2.0305810372864934e+02, 1.9287964062878427e+02,
       6.5036634309325635e+01, 6.3516715762835844e+01,
       6.4950870880370104e+01, 2.4949246675299582e+02,
       2.5141742204682328e+02, 2.5021380855480874e+02,
       2.5304821824295065e+01, 2.5606179474770116e+01,
       2.7141547161160496e+01, 1.5160369635135342e+02,
       1.3436010956711755e+02, 1.2621299416770539e+02,
       2.6411832297369983e+02, 2.8538333824670553e+02,
       3.2936468953968870e+02, 2.8538333824670553e+02,
       4.5767817215928517e+02, 5.8949051830317330e+02,
       3.2936468953968870e+02, 5.8949051830317330e+02,
       8.1638827233789925e+02, 7.4943490869347806e+02,
       6.5896313884050323e+02, 6.4092768107112624e+02,
       6.5896313884050323e+02, 7.5472436521267946e+02,
       7.6078059031396424e+02, 6.4092768107112624e+02,
       7.6078059031396424e+02, 9.1343533963618120e+02,
       4.3561858729830419e+01, 3.0230991864096723e+01,
       3.3577200074723805e+01, 3.0230991864096723e+01,
       2.4835234487953130e+01, 2.7379292838159017e+01,
       3.3577200074723805e+01, 2.7379292838159017e+01,
       3.9108177908216021e+01, 3.2946507035911918e+02,
       3.0486665096475781e+02, 3.2582111376047260e+02,
       3.0486665096475781e+02, 3.3433674166075093e+02,
       3.5349948956057733e+02, 3.2582111376047260e+02,
       3.5349948956057733e+02, 3.7856793149151633e+02,
       7.9175767496324625e+02, 7.1491140608593196e+02,
       6.9638385791362452e+02, 7.1491140608593196e+02,
       6.8744280928888838e+02, 6.7937500151549830e+02,
       6.9638385791362452e+02, 6.7937500151549830e+02,
       7.0121085434228735e+02 ]
FgdModel: !!opencv-matrix
   rows: 1
   cols: 65
   dt: d
   data: [ 3.3092426111992479e-01, 1.5799988248428226e-01,
       2.4137728421176333e-01, 0., 2.6969857218402959e-01,
       4.5326526988636367e+01, 4.8247159090909093e+01,
       4.9770241477272727e+01, 1.1168389735961324e+02,
       9.1296764596504275e+01, 8.7742283376719968e+01,
       8.7751460564751710e+01, 8.4386562804284324e+01,
       8.4399221032132431e+01, 2.5277816901408451e+02,
       2.5338028169014086e+02, 2.5338309859154930e+02,
       6.8459477124183010e+01, 6.2292810457516339e+01,
       6.3244662309368188e+01, 1.1806898381887368e+02,
       6.4530091340876425e+01, 7.0500803608539627e+01,
       6.4530091340876425e+01, 1.0841476465650794e+02,
       1.0804062923715128e+02, 7.0500803608539627e+01,
       1.0804062923715128e+02, 1.3132718261214359e+02,
       2.5694805234498563e+02, 2.3043966154965710e+02,
       1.6955036849022326e+02, 2.3043966154965710e+02,
       2.3046752765042402e+02, 1.6468600143747790e+02,
       1.6955036849022326e+02, 1.6468600143747790e+02,
       1.3533149958351351e+02, 6.0706241781063000e+01,
       5.6558101417520447e+01, 4.9800780105599188e+01,
       5.6558101417520447e+01, 8.2227881759201409e+01,
       6.9889006085923029e+01, 4.9800780105599188e+01,
       6.9889006085923029e+01, 6.9462336296811372e+01,
       3.8883889605240256e+01, 2.0977316008727939e+01,
       1.7014560603056452e+01, 2.0977316008727939e+01,
       1.8403273160081881e+01, 1.7044455465184001e+01,
       1.7014560603056452e+01, 1.7044455465184001e+01,
       1.7878587581828469e+01, 3.3927224998931706e+01,
       1.6381800162330364e+01, 1.4544010280946168e+01,
       1.6381800162330364e+01, 5.7730384040326044e+01,
       4.4946443105928211e+01, 1.4544010280946168e+01,
       4.4946443105928211e+01, 5.3764759090758616e+01 ]
